10506.34
10508.24
10399.45
10277.11
10274.27
10184.03
10212.84
10210.94
10081.13
10279.33
10187.20
10302.13
10493.99
10551.93
10780.84
10745.06
10626.65
10798.57
10886.27
10982.20
11023.99
10981.89
10967.00
11011.96
10856.19
10732.71
10828.44
10782.11
10902.10
11077.82
11191.48
11198.45
11194.01
11098.08
10963.84
10873.29
10982.84
11011.65
10950.86
10786.70
10780.84
10646.91
10549.08
10683.32
10653.25
10566.18
10670.03
10613.99
10615.25
10647.86
10714.03
10925.85
10862.84
10831.81
10861.89
10880.25
10945.48
10969.54
11159.82
11143.04
11149.37
11112.01
11085.10
11149.69
11124.04
11092.07
11080.35
11104.10
11058.82
10903.68
10731.45
10633.93
10555.88
10538.00
10471.20
10616.84
10708.65
10755.83
10811.55
10714.35
10598.22
10562.06
10486.71
10430.67
10526.29
10672.56
10724.17
10782.74
10659.58
10577.26
10464.55
10409.14
10467.24
10434.26
10518.70
10530.21
10626.65
10787.40
10866.74
10797.13
10740.80
10745.80
10870.08
10998.43
10812.81
10970.59
10951.98
10933.65
10852.32
10775.86
10868.36
10756.11
10654.73
10834.86
10811.09
10719.16
10649.86
10646.71
10580.05
10420.77
10333.15
10404.87
10386.61
10378.63
10367.81
10316.47
10096.69
10094.47
10059.78
9955.16
9915.76
9836.12
9765.63
9781.45
9874.41
9821.61
9747.31
9664.90
9625.21
9632.71
9874.97
9899.94
9845.83
9859.15
9926.58
9862.48
9861.92
9769.96
9675.72
9669.89
9674.33
9467.67
9275.72
9211.23
9268.00
9222.63
9252.52
9233.32
9391.14
9473.24
9331.16
9267.71
9190.94
9179.21
9234.73
9228.03
9143.33
9099.04
9123.25
9209.24
9247.34
9274.89
9239.62
9198.17
9341.58
9224.17
9203.57
9195.34
9188.38
9063.26
9088.49
9228.55
9300.90
9210.01
9127.16
9087.72
9213.10
9451.77
9532.61
9525.41
9426.02
9315.42
9182.98
9122.47
9181.43
9268.20
9187.61
9189.41
9178.60
9043.17
8948.69
8898.74
8858.57
8785.75
8740.65
8678.61
8676.03
8730.10
8823.30
8968.51
8946.63
9003.78
8879.68
8871.45
8955.12
8987.82
9116.55
9304.50
9252.49
9289.05
9159.29
9058.62
9010.73
8957.18
8929.12
8920.88
8829.84
8810.94
8792.66
8854.71
8845.96
8897.19
8714.91
8708.47
8677.58
8595.70
8498.12
8352.40
8328.71
8346.22
8408.01
8426.81
8422.17
8446.12
8471.86
8388.96
8300.39
7920.12
7878.15
7884.59
7900.55
7666.51
7467.49
7629.18
7683.51
7551.68
7530.31
7582.84
7825.37
8015.63
8026.17
7889.99
7935.82
7896.43
7855.75
7711.05
7827.94
7854.46
7962.85
7881.50
7796.53
7518.99
7519.50
7851.89
7645.14
7495.81
7578.46
7767.44
7400.30
7539.07
8011.52
8164.19
8467.48
8538.54
8502.76
8328.20
8604.97
8663.41
8568.11
8368.62
8380.72
8459.50
8460.06
8316.87
8543.18
8552.96
8486.02
8361.92
8487.31
8785.97
8828.19
8913.41
8880.71
8816.09
8855.74
8863.21
8932.98
9075.10
9173.97
9264.59
9310.17
9206.15
9228.03
9098.53
9073.30
9029.79
9065.61
9084.30
9067.11
9000.59
9003.33
8958.99
8929.60
8945.54
8934.08
8915.40
8777.89
8713.37
8684.22
8688.96
8793.33
8665.73
8569.88
8623.19
8684.22
8808.53
8952.27
9014.54
9034.97
8870.56
8749.74
8789.85
8872.30
8864.08
8899.95
8900.70
8788.10
8962.73
9077.32
9104.97
9052.02
9038.21
8999.85
9090.52
9113.94
9157.03
9059.88
9055.40
8971.20
8965.22
9049.92
9104.47
9145.33
9066.61
8953.51
8899.21
8863.58
8840.67
9020.03
9114.69
9165.26
9098.25
9091.52
9052.91
9041.95
9083.55
9013.80
8925.61
8890.74
8861.84
8893.48
8985.90
8946.29
8861.34
8748.74
8776.89
8748.74
8771.91
8820.99
8800.06
8817.50
8807.29
8803.30
8759.95
8706.89
8683.98
8602.02
8592.80
8611.24
8639.63
8566.64
8541.24
8444.58
8405.72
8494.65
8509.35
8510.84
8474.97
8419.92
8368.85
8345.44
8374.83
8318.53
8369.35
8361.88
8368.60
8311.81
8238.32
8276.93
8178.28
8141.91
8113.13
8071.91
8090.10
8057.71
7909.99
7893.05
7883.09
7815.08
7708.71
7690.77
7642.70
7701.98
7737.36
7749.56
7696.01
7686.54
7707.96
7645.69
7443.41
7527.36
7796.15
7776.97
7880.35
7912.98
7880.84
7886.57
7791.51
7677.30
7659.14
7660.13
7689.28
7743.34
7576.93
7810.45
7932.04
7924.34
7838.30
7784.33
7815.17
7922.35
8029.77
8083.73
8017.09
8023.80
7961.64
7995.21
7825.12
7794.78
7794.53
7739.57
7753.25
7791.55
7724.75
7625.53
7643.21
7575.67
7467.38
7349.99
7393.71
7518.21
7540.56
7487.76
7640.26
7664.57
7622.33
7443.07
7352.69
7381.18
7456.08
6971.32
7159.92
7695.51
7805.04
7993.88
7921.93
7815.60
7755.68
7896.39
8035.39
8018.93
8042.75
8002.73
8002.73
8051.35
8088.92
8039.56
7956.07
7984.06
7945.02
7937.40
7893.45
7849.13
7840.40
7901.30
7929.05
7915.55
7865.57
7882.62
7862.25
7722.80
7718.12
7607.56
7580.85
7712.54
7797.79
7821.71
7785.94
7817.99
7866.72
7628.93
7606.86
7658.19
7697.68
7770.61
7833.32
7716.72
7847.49
7893.71
7803.09
7618.47
7694.66
7864.91
7879.08
7948.99
7964.56
7976.40
8181.03
8155.95
8162.45
8134.11
8103.45
8207.28
8172.67
8092.07
8108.33
8080.46
7993.82
8058.16
7906.02
7839.83
7875.36
7990.80
7953.41
7879.08
7860.04
7887.21
7809.63
7794.70
7857.13
7828.18
7796.97
7697.45
7667.36
7612.18
7653.79
7594.08
7629.14
7607.65
7602.45
7777.06
7716.45
7697.90
7703.78
7752.63
7712.37
7573.98
7534.81
7478.06
7437.98
7304.86
7268.22
7258.93
7253.78
7279.96
7241.76
7307.00
7308.72
7302.23
7259.78
7242.47
7239.18
7152.64
7172.42
7190.14
7254.01
7262.67
7241.65
7168.71
7094.48
7056.75
7076.02
7186.79
7055.95
6976.88
6913.06
6935.54
6783.82
6701.14
6726.03
6777.40
6798.68
6657.40
6616.86
6657.40
6648.17
6558.66
6452.70
6356.37
6386.99
6535.14
6545.71
6520.03
6526.07
6404.84
6421.46
6499.64
6522.67
6561.20
6663.92
6846.33
6867.86
6783.64
6790.06
6798.37
6826.32
6854.64
6854.27
6878.51
6874.66
7010.89
7063.61
6993.19
6944.70
6937.00
6851.95
6845.41
6828.10
6868.12
6920.46
6915.45
6972.79
6905.45
6906.22
6905.83
7011.28
6977.80
6983.95
6960.19
6854.65
6783.45
6798.46
6762.67
6713.80
6710.72
6767.68
6766.91
6808.08
6740.74
6656.84
6622.98
6635.68
6662.23
6742.28
6808.08
6800.00
6808.08
6764.60
6715.72
6704.18
6707.64
6659.54
6558.33
6544.86
6536.78
6512.53
6530.62
6443.65
6352.82
6448.27
6540.53
6537.46
6522.08
6486.33
6450.19
6479.02
6343.69
6308.33
6236.05
6253.35
6251.05
6302.18
6343.31
6463.94
6383.44
6291.75
6402.07
6367.41
6438.22
6472.88
6499.34
6491.14
6497.11
6464.31
6418.47
6393.50
6391.26
6347.28
6324.18
6312.62
6254.11
6243.68
6236.22
6219.82
6181.06
6149.76
6074.10
6042.42
6011.49
5998.82
5990.62
5990.99
5959.69
5972.36
5981.68
5988.38
5992.86
6037.58
6059.94
6040.19
6020.81
5969.38
5970.49
5970.12
5922.04
5904.90
5915.34
5959.69
5970.49
5932.85
5917.20
5906.39
5861.67
5872.55
5845.18
5851.47
5855.53
5852.58
5835.19
5864.78
5847.40
5864.41
5849.62
5837.78
5773.05
5750.85
5713.49
5709.42
5659.86
5605.11
5601.41
5631.00
5561.46
5588.47
5625.83
5702.40
5690.93
5675.39
5700.92
5684.27
5672.80
5692.78
5686.49
5666.52
5649.87
5630.26
5635.44
5648.02
5667.62
5685.75
5679.83
5648.02
5661.34
5595.12
5524.10
5473.43
5421.64
5434.59
5422.01
5355.06
5270.35
5330.64
5369.48
5408.69
5368.74
5356.76
5182.32
5348.77
5471.41
5469.93
5533.47
5550.83
5538.64
5581.49
5682.70
5695.63
5653.88
5652.04
5646.50
5673.83
5698.95
5704.49
5660.17
5632.83
5627.66
5622.86
5637.26
5630.99
5639.85
5662.01
5657.58
5663.86
5580.38
5665.24
5656.84
5625.44
5606.24
5636.90
5644.28
5645.39
5697.84
5745.13
5728.50
5715.58
5731.46
5671.99
5635.42
5607.34
5619.53
5578.17
5516.47
5476.23
5460.69
5342.19
5414.45
5423.12
5458.16
5475.51
5547.76
5547.04
5552.82
5546.32
5508.38
5530.78
5562.21
5536.20
5518.86
5522.83
5527.89
5577.39
5534.76
5480.20
5415.53
5472.98
5549.93
5542.34
5671.32
5641.69
5623.27
5587.50
5576.66
5591.48
5608.46
5623.63
5619.66
5620.38
5613.87
5616.40
5652.53
5585.70
5550.65
5569.08
5548.84
5485.26
5444.07
5424.20
5599.78
5624.35
5577.02
5535.11
5436.13
5461.78
5495.74
5509.10
5559.68
5560.41
5516.33
5455.63
5433.24
5499.35
5547.04
5553.90
5562.57
5541.26
5513.44
5471.89
5452.02
5397.11
5348.34
5357.01
5370.37
5350.14
5304.26
5271.38
5205.99
5209.25
5193.71
5177.81
5175.65
5111.70
5065.82
5052.09
5000.79
5036.92
5022.83
5020.30
5014.52
5116.04
5179.98
5133.38
5139.88
5177.09
5098.33
5087.86
5088.22
5098.33
5097.97
5092.91
5031.50
5059.32
5051.73
5042.70
5163.00
5172.39
5166.61
5169.14
5145.66
5137.71
5148.19
5168.78
5134.82
5074.13
5073.41
5074.49
5075.93
5032.94
5048.84
5041.61
5018.49
4976.58
4976.22
4958.52
4920.59
4860.61
4861.34
4847.61
4840.02
4840.74
4794.86
4788.72
4810.03
4802.81
4766.32
4744.64
4755.48
4742.84
4676.00
4667.69
4733.81
4755.84
4746.81
4786.91
4770.29
4771.02
4771.38
4772.82
4765.60
4735.25
4711.41
4659.74
4711.77
4749.70
4735.25
4726.94
4716.10
4748.98
4781.86
4758.37
4712.13
4755.12
4744.65
4728.39
4742.84
4763.07
4730.55
4755.84
4784.54
4759.89
4732.77
4704.24
4698.96
4664.44
4663.74
4648.95
4645.78
4607.03
4599.99
4601.05
4570.85
4580.27
4579.92
4573.22
4584.49
4595.76
4614.08
4612.32
4606.68
4627.46
4614.08
4615.13
4597.17
4621.47
4666.55
4667.96
4683.46
4682.05
4649.30
4682.40
4666.91
4687.33
4705.30
4707.41
4691.56
4668.67
4640.49
4611.61
4607.74
4552.09
4678.18
4704.59
4687.69
4706.35
4671.26
4670.57
4692.70
4653.62
4607.28
4583.76
4551.25
4544.34
4521.86
4528.43
4535.69
4549.53
4572.00
4547.80
4541.92
4535.00
4509.06
4496.61
4482.09
4463.76
4447.16
4423.99
4406.69
4452.69
4448.89
4470.33
4439.55
4430.56
4437.47
4367.61
4352.40
4355.16
4388.71
4404.62
4393.21
4341.33
4311.24
4340.64
4403.23
4429.52
4417.76
4393.55
4390.44
4375.22
4374.88
4335.10
4327.50
4347.01
4327.84
4306.40
4301.56
4282.88
4289.11
4283.23
4294.64
4255.91
4231.35
4203.69
4156.65
4169.10
4189.51
4195.73
4182.24
4182.93
4180.86
4169.45
4194.46
4188.12
4168.41
4155.96
4111.69
4153.88
4139.70
4137.63
4132.10
4087.14
4068.12
4060.51
4061.89
4071.57
4058.78
4038.03
4029.04
4025.58
4019.70
3984.08
3971.28
3956.06
3945.69
3995.37
3959.18
3959.19
3985.11
3978.89
3974.74
3990.88
3973.73
3962.29
3952.53
3953.54
3964.31
3953.20
3949.50
3935.03
3923.93
3928.31
3930.66
3924.94
3920.57
3872.12
3843.86
3831.41
3828.05
3817.26
3848.23
3853.28
3845.88
3862.36
3838.48
3847.22
3878.51
3906.10
3916.19
3907.45
3859.00
3851.26
3840.16
3861.35
3853.28
3841.84
3843.19
3831.07
3827.71
3833.09
3832.42
3826.03
3833.77
3812.57
3800.79
3768.16
3767.15
3700.94
3765.80
3743.60
3713.66
3710.29
3682.03
3655.11
3677.66
3718.03
3716.01
3727.11
3690.44
3690.44
3731.15
3712.69
3707.94
3673.96
3638.83
3677.99
3763.45
3784.90
3808.53
3820.31
3807.86
3800.46
3795.41
3814.92
3810.55
3808.87
3798.10
3807.52
3833.43
3837.13
3858.33
3907.78
3873.47
3848.91
3837.47
3832.42
3853.62
3883.90
3894.66
3901.05
3903.75
3901.05
3878.51
3876.83
3862.03
3821.32
3798.10
3769.17
3768.16
3747.97
3794.07
3826.36
3838.81
3847.90
3863.04
3844.87
3826.36
3820.21
3832.76
3821.65
3869.09
3928.31
3912.83
3894.33
3873.80
3861.02
3859.00
3858.33
3882.89
3881.54
3877.17
3880.40
3887.52
3906.95
3888.49
3881.37
3829.89
3827.95
3775.83
3750.90
3737.63
3741.51
3749.28
3772.91
3740.54
3759.97
3750.25
3736.33
3756.08
3743.78
3747.02
3742.16
3765.79
3780.68
3791.37
3760.94
3730.83
3717.55
3714.96
3727.59
3731.80
3724.68
3714.64
3720.14
3748.31
3739.25
3731.15
3705.90
3696.19
3672.23
3680.32
3674.17
3668.99
3643.09
3636.29
3623.02
3622.70
3661.55
3639.53
3610.40
3629.02
3694.02
3707.97
3686.41
3729.85
3775.51
3785.34
3783.75
3783.43
3759.97
3751.91
3740.52
3730.98
3752.21
3768.21
3742.67
3753.75
3732.21
3742.06
3739.03
3742.71
3721.23
3729.21
3727.06
3740.87
3723.68
3700.66
3667.51
3647.55
3637.37
3629.64
3623.10
3629.34
3625.18
3641.54
3691.51
3684.96
3683.48
3665.03
3659.38
3657.30
3692.99
3648.68
3640.64
3599.30
3570.15
3582.94
3613.58
3655.81
3640.35
3631.13
3673.96
3670.69
3655.25
3657.84
3655.83
3593.93
3552.18
3559.09
3626.75
3697.86
3728.38
3774.73
3803.24
3857.08
3861.39
3857.94
3848.15
3842.97
3836.63
3839.22
3855.94
3815.42
3814.86
3829.77
3840.46
3832.02
3815.14
3808.66
3755.76
3786.15
3832.02
3826.39
3837.37
3882.68
3885.77
3880.14
3906.60
3927.14
3904.06
3892.53
3867.20
3893.93
3904.91
3892.53
3859.04
3870.01
3948.53
3956.69
3957.25
3945.43
3926.01
3901.25
3887.18
3887.18
3902.66
3884.65
3877.33
3864.38
3863.82
3856.22
3841.87
3829.21
3824.99
3845.81
3813.45
3799.10
3798.25
3771.80
3742.81
3745.43
3754.09
3769.74
3782.03
3779.80
3755.74
3757.44
3744.87
3736.76
3742.63
3723.35
3713.85
3716.92
3741.51
3732.01
3723.91
3725.86
3716.08
3709.94
3702.11
3694.29
3690.65
3685.06
3673.61
3676.12
3675.56
3672.49
3663.55
3650.69
3657.12
3668.02
3684.51
3668.58
3669.97
3662.99
3658.52
3631.97
3640.07
3634.48
3600.67
3623.87
3644.54
3667.46
3674.45
3675.00
3664.66
3654.33
3654.05
3644.82
3637.28
3630.85
3629.45
3623.87
3620.23
3618.84
3598.44
3588.66
3588.66
3583.63
3557.36
3583.07
3584.18
3575.52
3566.86
3553.72
3547.86
3554.28
3559.87
3542.83
3528.57
3530.81
3529.13
3507.06
3575.52
3600.67
3617.44
3586.14
3606.82
3621.91
3588.38
3575.80
3573.57
3600.39
3616.60
3623.87
3638.12
3633.37
3637.84
3624.98
3640.91
3638.96
3604.58
3595.64
3595.36
3597.60
3586.98
3574.12
3564.34
3563.23
3552.33
3573.29
3564.62
3554.84
3548.69
3537.80
3548.97
3547.30
3536.96
3530.81
3551.49
3544.78
3549.25
3546.74
3524.10
3521.31
3532.77
3511.53
3524.66
3525.22
3526.06
3515.16
3509.85
3514.97
3507.22
3475.39
3449.93
3449.93
3480.93
3503.62
3512.76
3505.84
3491.17
3485.63
3462.66
3466.81
3489.51
3491.72
3494.49
3506.39
3475.94
3491.72
3504.45
3492.00
3483.97
3505.28
3506.11
3527.70
3530.20
3531.58
3543.76
3527.43
3510.27
3540.99
3513.86
3501.69
3485.63
3476.22
3494.77
3415.33
3422.52
3428.89
3437.47
3447.71
3458.23
3435.26
3435.26
3427.23
3439.13
3439.41
3439.44
3415.66
3422.41
3392.43
3395.40
3383.24
3387.02
3403.50
3423.77
3426.74
3420.25
3457.81
3456.46
3437.54
3441.60
3428.36
3395.67
3378.65
3372.98
3363.79
3364.87
3365.41
3432.14
3435.11
3434.84
3440.25
3439.44
3445.38
3430.25
3453.48
3444.03
3459.16
3426.74
3422.96
3438.08
3426.47
3403.77
3450.51
3449.43
3462.40
3405.12
3391.89
3388.91
3391.62
3343.26
3350.01
3351.36
3343.26
3322.18
3316.78
3317.05
3287.87
3266.80
3290.31
3304.62
3392.43
3411.88
3394.32
3407.83
3429.44
3411.34
3374.06
3328.94
3318.67
3309.48
3298.95
3289.77
3274.91
3291.66
3257.89
3250.05
3231.95
3240.60
3254.37
3263.02
3258.16
3251.13
3243.84
3240.06
3250.05
3231.95
3260.86
3290.58
3300.57
3298.68
3301.11
3309.76
3306.52
3309.22
3313.00
3313.54
3301.65
3303.27
3270.85
3251.40
3248.16
3279.50
3292.20
3301.11
3300.57
3308.14
3303.54
3288.95
3272.47
3268.96
3280.31
3286.25
3282.74
3266.26
3247.08
3221.68
3214.66
3209.80
3200.61
3191.43
3184.67
3203.85
3224.12
3230.87
3219.25
3224.66
3231.68
3234.35
3215.20
3219.52
3236.81
3221.41
3224.12
3236.81
3224.12
3221.95
3205.20
3196.02
3174.68
3179.81
3179.00
3169.00
3142.53
3167.38
3179.00
3167.65
3136.31
3131.72
3145.77
3145.77
3157.66
3095.79
3198.72
3246.00
3264.37
3259.24
3242.76
3233.84
3278.96
3264.91
3280.04
3310.57
3308.68
3311.38
3307.60
3323.00
3306.79
3300.84
3270.85
3258.16
3257.62
3277.61
3285.18
3263.83
3254.10
3254.37
3249.78
3246.81
3225.47
3207.10
3223.04
3254.10
3295.44
3307.06
3315.70
3321.64
3311.11
3306.79
3310.84
3314.35
3316.78
3331.37
3338.93
3360.28
3377.57
3384.05
3385.67
3374.33
3334.07
3282.20
3282.20
3276.80
3266.53
3275.18
3303.27
3287.06
3317.05
3333.26
3339.75
3328.67
3327.05
3315.16
3293.55
3273.56
3291.39
3326.78
3326.54
3318.79
3316.65
3282.68
3269.84
3271.44
3284.01
3280.54
3254.05
3274.38
3269.03
3283.75
3329.49
3337.51
3352.03
3323.78
3338.29
3359.55
3391.69
3372.25
3392.47
3389.36
3392.73
3373.03
3396.10
3368.62
3360.07
3356.44
3375.52
3365.54
3388.23
3368.47
3353.09
3346.00
3357.21
3378.71
3373.91
3368.96
3353.53
3357.33
3360.02
3358.90
3335.87
3324.02
3328.49
3308.14
3283.99
3303.67
3323.12
3310.38
3330.72
3320.89
3315.52
3343.25
3307.02
3269.45
3248.43
3225.63
3181.80
3161.23
3211.09
3249.33
3211.31
3220.26
3215.34
3228.98
3229.43
3226.52
3251.34
3251.12
3249.11
3261.18
3255.81
3251.12
3246.20
3235.91
3208.41
3208.18
3188.28
3198.35
3214.67
3211.31
3213.77
3235.69
3268.56
3272.81
3261.40
3259.39
3265.88
3254.47
3240.38
3266.10
3252.91
3230.55
3215.34
3219.14
3221.82
3236.36
3244.63
3236.14
3223.84
3207.96
3238.60
3251.79
3229.43
3213.55
3222.72
3216.01
3218.47
3239.94
3230.55
3216.68
3222.94
3216.91
3215.34
3245.08
3243.29
3222.05
3232.11
3182.92
3179.11
3185.38
3192.75
3185.82
3184.48
3191.86
3165.92
3139.31
3142.44
3100.84
3079.15
3050.53
3022.58
2930.67
2914.35
2890.65
2883.05
2899.59
2913.23
2895.12
2864.71
2839.44
2852.41
2866.05
2869.40
2884.83
2903.84
2923.52
2864.04
2887.52
2895.57
2868.96
2883.94
2888.41
2919.27
2926.43
2894.67
2931.35
2943.20
3044.27
3037.34
3042.03
3036.22
3041.36
3032.64
3021.46
3025.49
3028.84
3039.57
3058.36
3052.54
3026.60
3004.91
2992.84
3003.57
3028.17
3035.77
3050.53
3052.10
3039.80
3034.65
3010.28
2983.67
2971.15
2939.17
2938.28
2943.20
2938.28
2961.53
2983.89
3004.47
3016.99
2989.93
2998.65
3006.26
3017.88
3002.68
3006.03
3015.20
3015.20
3000.44
3002.90
2981.66
2978.30
2987.03
2973.61
2972.71
2997.76
2996.19
3001.78
2999.55
3017.66
3032.42
3039.35
3025.04
3014.08
3030.85
3001.11
2999.55
2914.80
2894.00
2859.57
2951.92
2996.42
2999.55
3000.00
2984.79
2993.07
3004.92
3020.57
2976.74
2986.81
3004.70
3008.72
3009.62
2985.24
2965.56
2964.00
2955.05
2963.33
2981.89
2999.55
3003.80
2978.31
2978.09
2978.53
2979.20
2949.02
2941.19
2937.61
2939.18
2907.65
2923.08
2925.76
2949.24
2906.75
2883.72
2913.01
2891.10
2898.26
2910.33
2947.90
2937.84
2944.99
2979.87
2991.73
2965.34
2954.61
2936.49
2974.06
2969.14
2963.33
2990.61
3003.13
3006.26
3017.89
2990.61
2964.45
2952.37
2914.13
2900.04
2888.19
2893.56
2891.99
2880.14
2870.08
2865.38
2840.34
2878.35
2908.09
2911.00
2929.79
2908.54
2916.59
2919.28
2922.03
2929.95
2887.87
2871.29
2876.24
2901.98
2915.84
2925.50
2914.60
2922.77
2956.19
2990.84
2975.25
2920.30
2908.42
2893.56
2874.50
2854.95
2867.82
2889.36
2886.39
2910.89
2923.27
2881.19
2874.50
2908.42
2907.18
2860.64
2858.17
2843.56
2850.25
2858.91
2862.13
2907.18
2925.99
2936.63
2922.03
2917.08
2936.14
2951.73
2963.36
2964.36
2914.85
2909.90
2855.45
2871.78
2863.12
2857.43
2876.98
2876.24
2886.88
2890.35
2915.35
2877.97
2864.11
2861.63
2874.75
2828.96
2805.45
2804.95
2770.54
2754.95
2728.22
2706.44
2705.20
2661.14
2637.38
2653.22
2640.59
2618.32
2600.99
2598.76
2615.59
2613.61
2508.91
2483.17
2477.48
2457.67
2486.14
2471.04
2467.08
2506.93
2522.52
2552.72
2573.51
2610.64
2618.07
2613.86
2624.50
2621.29
2617.33
2629.46
2598.76
2619.55
2591.34
2575.99
2580.69
2610.64
2585.64
2575.50
2575.74
2580.94
2594.80
2566.34
2539.11
2556.44
2509.16
2507.67
2531.93
2525.74
2496.29
2527.23
2508.91
2530.20
2549.50
2529.21
2535.89
2531.93
2525.00
2488.12
2443.81
2423.02
2436.63
2482.43
2482.18
2454.21
2421.29
2428.47
2408.91
2412.62
2436.14
2473.76
2484.65
2492.33
2485.40
2452.72
2387.87
2374.75
2374.75
2361.88
2360.40
2354.21
2394.31
2445.54
2510.40
2457.18
2469.06
2479.95
2505.20
2452.23
2379.70
2408.91
2445.05
2447.77
2448.51
2486.88
2507.18
2553.47
2533.42
2545.05
2551.49
2578.71
2600.25
2597.03
2606.93
2587.13
2583.91
2593.81
2584.41
2574.50
2582.18
2604.46
2598.02
2532.92
2483.42
2478.71
2560.15
2578.96
2642.08
2615.59
2681.43
2742.57
2730.45
2684.41
2703.96
2728.22
2711.14
2686.39
2703.71
2740.84
2851.98
2888.86
2889.85
2875.74
2889.36
2899.01
2908.17
2876.98
2852.72
2959.90
2958.17
2970.79
2978.71
2979.21
2969.55
2930.45
2890.35
2890.35
2899.50
2870.79
2872.28
2898.27
2879.21
2876.24
2859.41
2832.18
2838.86
2840.59
2854.21
2875.50
2876.73
2873.76
2881.93
2912.62
2908.42
2921.78
2885.89
2859.66
2859.47
2885.68
2901.94
2918.69
2894.42
2877.67
2869.31
2867.41
2819.73
2817.84
2842.98
2836.10
2835.15
2808.80
2811.81
2819.68
2806.25
2807.41
2800.24
2738.74
2726.35
2717.34
2718.24
2706.31
2685.59
2689.64
2666.67
2656.76
2634.01
2644.14
2656.08
2654.28
2650.23
2656.98
2672.52
2709.23
2727.48
2741.44
2751.80
2728.83
2723.65
2715.99
2714.64
2701.80
2718.69
2714.86
2700.45
2679.50
2701.35
2721.85
2727.03
2697.30
2704.28
2694.82
2678.60
2724.77
2733.78
2713.06
2695.27
2687.84
2672.30
2667.12
2669.14
2672.52
2668.47
2665.54
2644.14
2644.14
2636.49
2618.47
2614.64
2601.35
2564.41
2548.42
2574.55
2565.32
2585.81
2633.33
2622.07
2615.54
2600.00
2619.14
2635.59
2631.98
2585.81
2594.37
2598.65
2581.98
2580.18
2542.79
2519.14
2529.05
2522.52
2550.68
2553.38
2588.51
2600.23
2665.32
2633.75
2648.68
2641.21
2666.60
2682.81
2750.64
2729.31
2766.00
2762.16
2769.62
2772.61
2799.06
2740.40
2732.30
2718.43
2708.62
2703.71
2691.13
2686.22
2681.10
2666.38
2679.82
2709.90
2742.11
2751.49
2728.24
2713.74
2720.78
2707.55
2731.23
2740.61
2744.67
2706.27
2688.99
2686.65
2684.30
2674.91
2656.14
2639.29
2620.73
2621.37
2628.89
2621.52
2603.07
2602.46
2616.19
2603.48
2601.43
2597.13
2569.67
2581.56
2621.93
2612.29
2634.43
2603.69
2597.54
2581.15
2606.15
2647.34
2577.25
2658.81
2664.75
2643.44
2620.70
2594.26
2504.92
2559.02
2756.56
2758.40
2775.27
2773.94
2773.56
2764.25
2752.09
2713.72
2687.12
2684.46
2673.06
2652.55
2659.19
2651.22
2674.39
2671.92
2682.18
2686.17
2670.97
2654.07
2655.97
2679.52
2700.61
2684.27
2684.65
2705.74
2704.60
2740.12
2732.71
2723.59
2712.39
2714.67
2719.27
2727.24
2677.35
2650.04
2626.52
2646.05
2673.18
2667.87
2687.59
2674.32
2665.21
2680.96
2680.58
2686.07
2691.01
2650.99
2640.74
2653.64
2635.62
2635.62
2630.50
2624.62
2613.05
2572.65
2572.08
2583.46
2566.39
2573.41
2544.20
2540.78
2543.25
2515.74
2525.99
2512.71
2502.66
2487.48
2459.22
2452.58
2436.84
2438.73
2418.82
2457.32
2491.46
2511.76
2510.43
2481.98
2463.01
2456.56
2470.03
2474.39
2468.84
2465.86
2495.52
2492.35
2488.81
2504.60
2508.46
2496.32
2475.92
2480.33
2490.63
2477.02
2470.96
2464.15
2480.76
2476.91
2468.84
2475.26
2487.90
2470.12
2456.20
2446.85
2448.68
2439.52
2382.88
2373.35
2368.59
2359.97
2362.90
2375.55
2379.77
2390.58
2402.86
2397.36
2409.09
2389.11
2380.87
2386.73
2392.96
2377.38
2361.99
2373.17
2337.61
2330.83
2296.00
2293.26
2311.40
2299.85
2299.30
2285.56
2288.86
2294.35
2292.71
2290.69
2281.34
2272.36
2269.98
2258.39
2238.04
2240.00
2255.36
2262.32
2253.04
2273.93
2320.18
2306.25
2302.32
2282.14
2270.18
2290.36
2287.68
2285.54
2274.11
2260.00
2243.04
2237.32
2249.46
2238.21
2245.36
2272.50
2283.04
2317.14
2308.75
2303.75
2278.04
2279.82
2272.32
2285.71
2313.39
2339.82
2316.79
2314.46
2327.68
2326.96
2331.07
2308.93
2314.64
2291.07
2258.21
2251.96
2218.39
2218.39
2228.39
2233.57
2205.89
2209.29
2222.50
2213.93
2205.89
2191.43
2186.79
2192.14
2190.36
2177.68
2145.00
2131.79
2168.39
2166.61
2158.75
2160.54
2160.36
2159.64
2154.82
2165.54
2146.07
2132.50
2127.31
2127.49
2124.47
2139.22
2140.82
2141.71
2145.80
2123.76
2092.28
2084.28
2101.88
2101.71
2078.41
2068.10
2068.99
2077.70
2059.39
2039.83
2051.56
2038.58
2028.98
2065.08
2054.59
2066.86
2109.53
2106.33
2124.64
2120.20
2145.63
2156.65
2139.05
2142.60
2134.42
2141.00
2129.09
2157.36
2166.96
2169.63
2164.30
2135.67
2114.15
2131.76
2128.56
2121.80
2122.33
2120.38
2141.00
2145.63
2107.57
2100.28
2088.19
2099.22
2086.42
2110.24
2085.53
2077.52
2078.24
2081.79
2074.50
2071.83
2085.17
2078.77
2070.77
2086.77
2091.22
2083.04
2061.70
2068.46
2043.92
2058.85
2058.14
2053.34
2002.31
1996.98
2025.60
2032.54
2017.43
2008.18
1997.69
1989.33
1984.71
1990.22
2016.00
2025.07
2008.89
1997.33
2004.27
2027.92
2020.09
2028.63
2067.03
2106.15
2110.24
2123.22
2123.40
2115.75
2122.87
2082.33
2052.63
2052.81
2068.63
2056.54
2059.03
2086.59
2097.62
2085.35
2103.84
2106.15
2098.33
2077.35
2082.68
2105.80
2104.91
2103.66
2112.02
2121.27
2122.51
2121.44
2109.53
2106.51
2106.33
2140.82
2142.96
2109.18
2076.46
2080.90
2076.64
2087.30
2117.35
2099.57
2090.68
2093.35
2092.99
2054.59
2049.96
2056.19
2047.83
2042.32
2027.20
1956.44
1948.08
1959.46
1960.05
1941.48
1931.70
1952.42
1925.56
1946.29
1985.25
1985.25
1968.17
1966.68
1955.40
1991.21
1989.39
2003.48
2014.92
2034.48
2042.77
2024.87
2023.04
2035.64
2044.43
2029.01
2015.09
1987.40
1972.48
1985.41
1999.17
1993.20
1975.96
2003.48
2088.86
2091.68
2083.06
2059.35
2056.37
1994.53
1976.46
1975.46
1963.03
1977.62
1982.59
1960.05
1977.95
2017.90
2057.19
2060.18
2056.37
2073.77
2064.32
2033.16
2038.13
2031.00
2001.82
2025.03
2071.29
2056.03
2044.26
2040.29
2056.03
2065.15
2056.70
2023.21
2012.43
2014.09
2033.16
2023.87
2005.80
1980.44
1978.12
1989.56
1976.13
1961.54
1950.60
1914.12
1891.91
1886.27
1909.81
1909.98
1910.48
1927.06
1944.13
1926.06
1911.14
1902.35
1915.29
1903.35
1878.98
1850.96
1869.53
1935.68
1944.63
1916.11
1899.54
1891.91
1884.12
1893.24
1908.70
2011.60
2022.05
2015.25
1938.83
1923.74
1926.72
1926.72
1929.54
1993.04
1977.95
1958.55
1970.16
1924.40
1923.91
1929.54
1927.55
1866.88
1849.64
1854.61
1854.94
1809.18
1766.58
1745.19
1776.52
1829.91
1834.38
1799.73
1910.48
1946.95
1923.08
1900.20
1861.41
1890.42
1894.89
1895.39
1929.87
1934.68
1900.70
1878.15
1853.78
1889.42
1950.60
1924.40
1926.39
1898.87
1966.18
1938.16
1847.31
1782.49
1792.11
1787.30
1917.77
1883.29
1850.63
1616.21
1738.74
2223.73
2355.09
2412.70
2469.32
2443.86
2482.21
2496.57
2518.11
2548.14
2620.10
2632.51
2596.12
2576.53
2575.88
2569.84
2553.04
2563.97
2566.42
2476.01
2484.82
2524.64
2514.52
2530.19
2566.58
2595.66
2576.05
2549.74
2530.13
2499.36
2560.91
2566.96
2576.37
2602.04
2634.25
2638.39
2672.67
2697.39
2697.07
2687.66
2701.85
2666.14
2634.57
2635.68
2685.43
2675.06
2668.85
2657.37
2634.89
2592.47
2588.97
2558.35
2546.72
2532.05
2549.90
2559.95
2538.74
2510.84
2495.38
2478.48
2471.14
2454.40
2457.43
2452.01
2484.06
2496.33
2481.35
2466.52
2450.10
2436.06
2445.15
2448.82
2439.41
2428.89
2424.11
2409.44
2404.18
2409.60
2435.11
2432.56
2427.77
2422.99
2430.96
2420.70
2405.15
2393.22
2397.77
2386.46
2377.58
2359.98
2352.70
2336.32
2340.56
2309.31
2319.63
2315.84
2278.22
2266.38
2283.37
2288.83
2269.57
2289.44
2241.66
2225.03
2216.46
2197.99
2213.05
2232.53
2272.52
2314.38
2306.73
2296.91
2306.87
2314.35
2330.11
2324.43
2286.36
2261.65
2270.45
2253.84
2232.24
2228.55
2193.32
2231.68
2262.93
2285.65
2246.31
2259.66
2275.99
2250.71
2220.45
2286.93
2322.30
2325.71
2350.85
2360.94
2390.48
2312.93
2307.95
2276.99
2277.27
2257.95
2335.23
2362.78
2351.99
2357.24
2326.99
2299.29
2280.11
2268.32
2244.18
2237.65
2255.54
2259.85
2267.01
2251.12
2248.88
2268.14
2257.31
2226.94
2219.35
2215.27
2213.58
2205.29
2219.35
2210.91
2190.94
2235.10
2221.60
2217.66
2182.79
2154.81
2154.53
2151.86
2141.59
2165.78
2183.91
2182.65
2163.10
2168.31
2148.48
2138.92
2143.84
2145.39
2107.28
2087.60
2094.07
2090.27
2090.69
2092.10
2056.81
2065.10
2034.87
2009.00
2000.00
1998.31
1993.11
1987.06
1970.75
1969.77
1926.88
1894.97
1889.34
1901.57
1908.18
1925.62
1912.68
1908.32
1916.90
1906.92
1908.75
1912.40
1916.76
1893.28
1911.56
1912.96
1914.65
1915.92
1911.56
1919.01
1938.41
1947.27
1911.98
1887.00
1908.46
1907.48
1897.36
1885.55
1859.11
1826.49
1807.23
1814.68
1858.27
1852.36
1862.20
1884.14
1891.03
1878.52
1880.06
1874.86
1883.86
1880.20
1876.83
1868.11
1851.80
1842.80
1841.82
1820.87
1830.85
1808.21
1802.87
1797.67
1803.01
1825.08
1830.29
1798.23
1790.64
1790.64
1790.35
1795.42
1776.57
1774.04
1768.70
1765.75
1772.92
1767.44
1755.20
1737.20
1758.01
1759.70
1797.10
1786.70
1762.37
1760.26
1757.31
1766.73
1745.50
1750.42
1743.39
1790.35
1873.45
1878.94
1877.53
1897.92
1881.19
1861.51
1865.15
1890.63
1896.25
1898.76
1871.63
1869.94
1877.11
1874.02
1859.25
1855.03
1846.74
1838.16
1839.57
1830.29
1810.32
1782.48
1777.42
1775.17
1764.76
1770.11
1737.77
1760.12
1774.47
1752.81
1764.76
1768.84
1791.90
1785.01
1790.07
1777.14
1772.08
1762.23
1773.76
1768.70
1767.44
1793.31
1817.21
1804.98
1814.12
1807.79
1837.18
1896.09
1899.47
1888.08
1883.86
1879.36
1873.38
1875.41
1859.58
1858.76
1854.90
1855.86
1851.05
1861.65
1870.69
1838.13
1833.96
1831.40
1823.47
1837.86
1874.06
1857.24
1848.36
1852.26
1849.70
1868.57
1864.64
1848.72
1823.29
1805.93
1775.17
1775.17
1755.58
1751.86
1755.95
1771.70
1783.98
1780.26
1784.10
1773.81
1775.55
1759.92
1781.50
1773.69
1768.97
1772.07
1781.75
1819.07
1827.26
1821.43
1827.63
1809.77
1822.42
1839.46
1840.40
1843.93
1810.06
1799.02
1786.62
1786.00
1773.95
1762.81
1735.51
1718.15
1736.11
1761.14
1775.50
1784.24
1816.33
1810.82
1778.50
1770.59
1767.36
1768.55
1787.96
1781.25
1770.59
1769.40
1753.71
1745.57
1744.25
1703.07
1696.47
1693.49
1686.66
1671.98
1681.46
1689.68
1696.10
1688.99
1689.33
1682.57
1688.07
1672.94
1649.08
1650.99
1654.47
1640.14
1623.62
1619.84
1620.76
1610.32
1582.68
1592.43
1579.59
1581.42
1568.81
1551.38
1550.23
1555.39
1537.27
1529.93
1511.24
1497.71
1501.61
1508.72
1522.82
1527.29
1523.74
1518.35
1512.84
1510.09
1507.00
1503.56
1521.90
1550.80
1541.63
1537.84
1522.89
1546.56
1540.14
1523.78
1518.46
1514.33
1524.54
1542.89
1538.19
1536.24
1543.58
1523.89
1511.24
1503.78
1496.67
1492.20
1476.95
1466.90
1482.34
1459.17
1453.44
1456.54
1467.90
1456.88
1454.13
1454.13
1458.49
1438.53
1437.27
1433.83
1429.93
1433.37
1424.54
1424.31
1427.52
1404.59
1394.72
1396.10
1392.66
1385.89
1382.22
1372.13
1369.04
1367.55
1359.77
1351.25
1355.29
1362.01
1362.68
1363.02
1362.90
1365.93
1362.46
1350.81
1347.89
1339.38
1325.94
1322.02
1324.04
1319.89
1319.89
1324.37
1328.52
1333.45
1326.84
1318.55
1321.01
1305.67
1311.04
1312.28
1306.78
1296.71
1295.81
1289.31
1296.37
1305.44
1300.74
1310.15
1317.43
1329.19
1329.97
1326.05
1321.24
1322.13
1324.48
1327.51
1328.74
1321.80
1317.54
1312.28
1313.84
1316.76
1322.92
1314.28
1311.16
1311.49
1311.83
1315.50
1306.00
1313.17
1320.78
1323.25
1320.65
1322.92
1341.40
1350.69
1347.45
1345.32
1339.94
1342.29
1349.46
1344.42
1340.50
1350.13
1351.25
1350.25
1350.36
1348.12
1335.46
1333.33
1334.34
1331.77
1320.79
1320.45
1324.60
1326.73
1325.83
1332.77
1327.17
1330.20
1324.82
1318.44
1320.23
1311.60
1296.71
1291.55
1297.37
1298.05
1292.79
1290.10
1288.42
1305.44
1312.72
1312.16
1315.86
1314.29
1315.30
1307.35
1307.68
1302.87
1299.06
1296.26
1296.48
1294.80
1296.15
1297.38
1301.75
1292.22
1276.06
1273.63
1271.31
1271.75
1272.42
1260.27
1249.34
1246.02
1247.68
1245.14
1242.16
1240.72
1241.94
1250.11
1259.28
1275.07
1275.73
1273.52
1264.36
1261.71
1262.48
1263.91
1267.23
1260.05
1262.59
1261.71
1259.94
1253.75
1251.21
1250.66
1252.87
1253.98
1263.69
1264.24
1259.17
1259.72
1259.05
1255.96
1258.72
1264.47
1263.25
1262.59
1248.79
1246.80
1251.00
1258.61
1260.93
1266.12
1263.91
1268.33
1270.54
1275.93
1285.11
1285.67
1283.57
1277.61
1279.26
1276.17
1268.88
1274.07
1276.06
1276.83
1277.27
1278.27
1287.87
1276.28
1269.66
1272.86
1286.11
1280.92
1279.81
1282.02
1271.75
1274.85
1277.39
1284.34
1272.97
1269.10
1268.66
1268.99
1258.50
1256.96
1226.37
1224.38
1221.51
1224.71
1225.93
1213.23
1214.00
1199.65
1191.59
1188.83
1185.18
1180.99
1189.27
1197.00
1202.63
1199.54
1201.52
1205.39
1199.76
1189.71
1202.41
1206.05
1177.34
1167.18
1168.73
1167.29
1173.48
1171.60
1157.46
1162.77
1163.21
1169.17
1182.31
1176.57
1185.84
1192.03
1205.17
1208.04
1208.81
1202.41
1187.83
1185.18
1184.19
1187.94
1202.63
1201.74
1204.84
1211.46
1217.65
1225.38
1227.47
1230.12
1216.54
1214.22
1207.60
1205.50
1200.42
1199.76
1201.41
1209.03
1209.58
1211.13
1216.32
1216.98
1191.59
1190.92
1195.78
1188.94
1182.09
1174.03
1161.44
1174.36
1174.69
1181.21
1183.41
1180.21
1191.14
1197.00
1203.29
1212.68
1204.84
1198.98
1201.41
1201.41
1208.26
1211.79
1226.25
1231.34
1227.80
1198.65
1195.01
1197.88
1196.22
1204.40
1208.81
1205.50
1210.03
1216.43
1221.51
1226.26
1224.05
1222.50
1230.34
1227.25
1228.80
1216.76
1208.48
1209.36
1198.98
1198.32
1212.24
1208.48
1217.65
1193.35
1196.00
1189.05
1198.21
1164.53
1134.17
1115.39
1108.99
1109.54
1106.12
1096.73
1082.16
1086.46
1088.56
1096.07
1102.03
1109.43
1114.18
1102.80
1105.01
1101.04
1107.99
1122.90
1114.95
1113.74
1123.90
1129.31
1124.67
1125.55
1115.72
1113.07
1120.47
1129.09
1122.35
1123.34
1102.03
1109.43
1082.05
1086.90
1095.41
1108.22
1105.34
1115.28
1127.05
1129.74
1122.63
1121.01
1124.68
1105.17
1099.78
1086.85
1095.90
1099.67
1099.14
1112.86
1109.72
1124.37
1128.98
1137.88
1150.75
1148.35
1147.09
1148.14
1163.53
1160.39
1163.21
1161.22
1161.96
1173.05
1179.86
1170.12
1164.47
1167.50
1164.05
1158.08
1148.24
1149.18
1149.29
1153.58
1159.97
1142.90
1149.29
1124.16
1130.44
1134.11
1126.47
1120.39
1130.65
1145.52
1143.22
1147.82
1163.21
1170.33
1154.84
1149.50
1150.75
1148.14
1154.00
1170.33
1169.39
1166.77
1169.39
1164.15
1160.70
1155.46
1140.60
1136.10
1140.39
1137.67
1152.11
1161.33
1159.65
1150.86
1152.64
1154.94
1162.06
1134.74
1117.88
1133.38
1138.92
1147.61
1147.82
1157.24
1150.65
1143.01
1152.11
1144.89
1154.84
1165.10
1173.89
1197.02
1205.72
1208.65
1215.45
1216.50
1222.26
1228.22
1231.26
1239.95
1243.72
1256.70
1265.08
1266.33
1264.76
1265.55
1267.68
1277.44
1273.58
1278.46
1281.30
1278.86
1269.51
1250.81
1251.32
1256.30
1260.16
1257.01
1250.51
1248.37
1251.42
1241.46
1238.92
1241.77
1236.38
1236.59
1245.53
1255.59
1255.49
1255.69
1259.86
1268.09
1268.19
1261.28
1262.80
1273.17
1275.51
1268.19
1266.56
1272.46
1269.51
1268.50
1250.20
1245.73
1248.98
1245.73
1247.96
1250.30
1233.74
1231.61
1214.33
1213.21
1214.83
1216.16
1227.13
1225.20
1214.43
1219.82
1221.44
1236.69
1242.68
1248.88
1231.10
1237.80
1243.70
1235.87
1249.09
1261.08
1257.42
1254.27
1257.42
1265.75
1264.53
1267.48
1250.41
1233.94
1231.10
1222.46
1228.96
1240.14
1238.52
1244.11
1250.00
1250.30
1241.26
1241.67
1234.55
1225.10
1214.74
1215.03
1223.27
1220.53
1227.95
1239.73
1237.60
1235.37
1216.36
1205.39
1205.28
1194.11
1191.97
1182.01
1178.05
1176.52
1184.24
1190.75
1194.92
1188.62
1188.51
1190.14
1184.86
1183.64
1173.98
1172.76
1161.66
1156.45
1162.86
1176.68
1169.47
1184.19
1186.70
1188.70
1192.81
1215.04
1229.27
1230.17
1221.75
1225.76
1221.35
1198.12
1189.90
1183.79
1189.70
1198.12
1193.31
1198.32
1208.63
1206.03
1210.14
1205.33
1204.13
1218.65
1213.44
1205.63
1209.23
1228.37
1235.98
1237.18
1240.69
1232.37
1236.58
1236.98
1237.48
1221.25
1216.95
1197.72
1189.40
1180.89
1185.00
1195.41
1207.43
1209.84
1199.12
1191.27
1197.37
1211.85
1223.10
1214.40
1200.17
1176.86
1184.21
1191.36
1202.59
1197.27
1195.05
1214.20
1208.69
1215.36
1225.52
1223.78
1219.43
1209.66
1207.14
1193.89
1202.98
1212.85
1207.04
1202.21
1180.92
1185.86
1187.79
1186.53
1175.02
1172.60
1169.41
1163.99
1151.41
1144.83
1137.58
1124.90
1113.20
1111.55
1104.68
1118.61
1121.90
1128.77
1130.90
1129.84
1130.22
1136.90
1140.58
1121.71
1122.39
1112.62
1115.42
1112.80
1115.71
1112.42
1108.55
1111.84
1120.35
1116.48
1119.78
1132.44
1130.03
1134.96
1128.77
1113.09
1111.55
1119.58
1095.68
1081.17
1080.39
1084.44
1078.96
1087.05
1091.14
1083.24
1083.14
1067.69
1061.90
1072.57
1077.26
1059.87
1061.35
1051.78
1059.79
1062.45
1062.63
1037.06
1036.14
1029.89
1020.23
1049.30
1065.21
1059.69
1075.14
1078.45
1073.30
1072.93
1083.61
1079.83
1068.61
1070.82
1044.97
1037.34
1023.54
1025.29
1045.34
1046.26
1055.92
1058.86
1044.79
1035.68
1028.51
1004.13
1003.21
990.06
988.59
990.61
1008.83
1018.11
1016.09
1027.40
1047.09
1049.85
1025.75
1030.62
1031.36
1031.09
1002.39
996.59
1002.11
991.26
990.98
1000.00
1020.78
1024.55
1013.24
999.35
1019.36
1040.80
1035.87
1041.75
1036.60
1034.77
1039.57
1048.01
1024.18
989.23
983.71
983.53
991.35
1001.93
979.76
994.20
1030.35
1022.16
1005.98
1001.66
991.63
981.88
991.17
991.63
992.00
991.55
961.64
950.23
907.73
899.47
892.02
892.02
891.28
901.13
916.02
909.86
913.45
915.38
924.67
913.91
904.70
912.70
922.45
915.56
914.92
898.36
897.08
906.27
906.81
906.92
913.55
888.70
890.91
887.97
872.42
874.14
882.61
867.88
869.02
861.69
840.84
824.48
826.09
796.14
788.53
774.55
773.59
772.17
775.69
769.98
781.77
789.77
800.89
815.27
807.84
806.13
801.45
807.66
818.02
820.59
824.69
823.70
828.20
820.02
822.69
819.92
821.25
815.27
816.97
814.69
803.38
787.39
793.19
789.19
792.52
800.05
807.84
805.19
800.52
800.61
805.56
795.77
787.67
784.25
784.53
787.02
793.84
793.38
798.61
803.38
790.53
789.77
799.28
797.09
802.42
810.80
810.88
811.94
815.55
821.06
824.20
832.38
830.09
829.23
827.63
832.56
836.66
842.94
853.88
855.88
858.92
857.31
857.97
859.78
856.34
848.73
848.17
837.52
841.70
840.09
845.98
853.50
856.45
851.80
843.70
835.81
836.38
838.66
836.84
832.38
831.91
836.19
836.38
833.33
832.48
827.91
830.95
831.53
820.48
818.41
816.97
813.17
814.12
818.59
819.92
817.55
804.80
799.75
795.00
791.30
795.56
789.38
792.05
800.52
797.84
786.16
794.52
799.28
800.70
808.69
821.54
818.20
817.83
820.78
806.52
802.23
809.55
818.59
824.02
822.69
817.27
829.23
827.25
829.34
824.11
830.86
842.94
835.70
841.89
846.45
848.08
859.78
845.31
832.67
836.77
832.56
839.80
842.84
838.95
845.22
838.47
840.38
834.09
835.14
842.66
848.55
858.92
851.22
853.41
862.81
871.86
868.91
865.95
864.44
867.77
866.16
865.39
867.77
868.63
867.39
862.81
865.11
867.77
868.72
883.38
885.19
879.19
875.30
883.38
885.75
875.86
879.28
881.38
878.14
875.77
870.72
850.17
848.17
841.80
834.57
839.98
841.23
839.05
851.80
854.06
849.03
849.13
844.66
847.89
856.94
859.30
859.88
855.97
826.95
826.58
832.30
828.02
823.63
833.14
840.84
846.45
844.75
840.09
846.38
845.61
848.45
859.59
862.25
866.34
862.63
853.98
848.73
854.83
848.66
840.47
839.61
837.80
807.45
815.53
832.00
827.25
838.19
829.44
829.44
837.33
845.99
856.74
860.06
857.20
853.13
844.94
843.13
856.16
865.11
879.28
873.09
879.09
884.80
883.66
893.65
887.45
896.97
917.14
923.52
918.38
916.38
924.38
933.80
938.55
942.27
939.50
935.88
938.45
947.34
942.16
937.41
940.45
943.41
934.36
933.50
934.66
937.13
926.94
918.66
922.38
927.23
937.02
949.30
947.11
945.48
941.50
949.88
950.16
950.06
944.06
943.48
941.97
954.72
963.28
972.70
981.16
988.48
992.58
993.16
990.02
988.95
988.77
990.95
992.02
997.91
1006.84
996.77
989.89
985.91
987.77
990.55
981.19
980.25
976.81
984.70
988.97
985.44
982.66
978.77
965.69
966.59
969.11
971.36
972.27
978.84
971.72
963.08
961.81
956.69
959.83
972.70
969.30
969.47
964.52
971.91
987.13
991.89
996.58
1009.38
1013.88
1004.31
1001.89
996.13
1001.44
995.14
995.23
987.03
981.81
987.66
990.63
984.88
987.84
987.03
986.67
1000.72
1002.06
1002.16
996.58
987.20
990.00
1000.81
992.70
992.35
988.56
981.27
981.19
984.16
986.22
979.38
981.09
966.05
959.11
968.47
962.80
955.70
961.39
959.47
961.66
964.36
960.59
953.00
932.22
938.77
930.64
926.11
930.30
935.16
930.38
926.45
933.02
938.98
940.02
943.27
944.20
936.09
933.28
925.77
923.89
940.61
937.13
939.69
935.92
930.89
934.30
934.13
938.48
948.55
965.36
964.84
959.30
960.75
956.48
964.77
957.77
959.13
962.63
986.27
976.28
958.70
955.55
952.98
956.41
958.45
950.84
949.48
934.64
924.56
925.00
913.05
902.47
907.84
906.48
895.45
914.16
921.59
928.33
951.45
963.31
963.56
954.95
966.38
980.38
979.86
973.05
967.66
984.30
984.91
983.36
985.92
968.94
974.20
962.20
943.77
933.02
926.70
926.11
932.08
950.34
924.48
911.59
915.02
925.69
922.78
930.13
931.06
936.69
947.88
949.91
946.59
946.42
956.56
959.73
957.08
946.50
946.25
953.06
955.30
955.55
950.84
938.41
931.31
923.05
921.59
918.00
934.98
953.06
952.73
957.94
955.30
950.77
950.27
943.69
935.31
926.95
932.52
934.39
930.63
919.03
925.34
937.03
942.92
939.84
928.16
923.05
927.22
939.69
949.91
947.70
952.73
943.94
934.47
937.38
944.97
956.31
943.69
944.45
948.72
950.44
949.73
935.84
923.63
924.23
918.52
924.83
918.77
926.55
921.25
911.69
913.23
919.97
920.98
922.19
916.38
914.42
902.05
898.20
899.23
887.20
880.80
883.28
892.58
891.38
886.86
874.83
867.06
862.63
864.33
874.48
880.03
874.91
867.16
864.84
863.31
869.63
870.14
872.34
868.77
866.81
863.05
860.23
855.20
855.72
853.06
853.50
842.75
840.70
842.92
835.06
844.70
850.09
851.28
843.34
828.84
821.50
825.59
820.66
819.11
816.05
813.73
803.06
795.81
802.47
811.02
810.48
808.28
803.58
802.98
803.23
801.02
802.66
798.72
786.34
785.23
784.13
771.33
751.37
760.31
762.13
769.80
778.84
779.52
786.52
783.02
772.44
759.81
765.44
778.23
779.95
776.28
772.19
756.56
729.95
758.80
758.36
761.69
779.52
785.92
794.97
780.97
784.98
800.69
806.56
808.70
817.58
807.25
813.23
822.44
840.78
842.75
851.38
850.84
847.27
850.09
853.23
854.61
855.80
863.98
872.44
869.38
875.09
875.09
886.86
896.59
880.97
884.05
879.86
878.23
867.92
868.17
870.48
866.30
873.05
870.14
864.59
866.64
869.03
874.16
859.39
861.95
863.66
855.30
857.00
862.13
855.89
854.95
848.89
848.89
846.77
828.84
824.73
819.03
809.05
822.34
